function data()
return { 
		times = { 0, 83.332999999999998408384271897375583648681640625, 125, 166.667000000000001591615728102624416351318359375, 208.332999999999998408384271897375583648681640625, 250, 291.66699999999997316990629769861698150634765625, 333.33300000000002683009370230138301849365234375, 375, 416.66699999999997316990629769861698150634765625, 458.33300000000002683009370230138301849365234375, 500, 541.6670000000000300133251585066318511962890625, 583.3329999999999699866748414933681488037109375, 625, 666.6670000000000300133251585066318511962890625, 708.3329999999999699866748414933681488037109375, 750, 791.6670000000000300133251585066318511962890625, 833.3329999999999699866748414933681488037109375, 875, 916.6670000000000300133251585066318511962890625, 958.3329999999999699866748414933681488037109375, 1000, 1041.66699999999991632648743689060211181640625, 1083.33300000000008367351256310939788818359375, 1125, 1166.66699999999991632648743689060211181640625, 1208.33300000000008367351256310939788818359375, 1250, 4166.6670000000003710738383233547210693359375, },
		transfs = {
			{ 1, 0, 0, 0, 0, 0.99996197223663330078125, -0.008721127174794673919677734375, 0, 0, 0.008721127174794673919677734375, 0.99996197223663330078125, 0, 0, 0, 0, 1, },
			{ 1, 0, 0, 0, 0, 0.999418914318084716796875, -0.0340855009853839874267578125, 0, 0, 0.0340855009853839874267578125, 0.999418914318084716796875, 0, 0, 0, 0, 1, },
			{ 1, 0, 0, 0, 0, 0.9971945285797119140625, -0.07485325634479522705078125, 0, 0, 0.07485325634479522705078125, 0.9971945285797119140625, 0, 0, 0, 0, 1, },
			{ 1, 0, 0, 0, 0, 0.991558551788330078125, -0.1296596229076385498046875, 0, 0, 0.1296596229076385498046875, 0.991558551788330078125, 0, 0, 0, 0, 1, },
			{ 1, 0, 0, 0, 0, 0.980420589447021484375, -0.1969145834445953369140625, 0, 0, 0.1969145834445953369140625, 0.980420589447021484375, 0, 0, 0, 0, 1, },
			{ 1, 0, 0, 0, 0, 0.961527526378631591796875, -0.2747086584568023681640625, 0, 0, 0.2747086584568023681640625, 0.961527526378631591796875, 0, 0, 0, 0, 1, },
			{ 1, 0, 0, 0, 0, 0.932664334774017333984375, -0.360745251178741455078125, 0, 0, 0.360745251178741455078125, 0.932664334774017333984375, 0, 0, 0, 0, 1, },
			{ 1, 0, 0, 0, 0, 0.8918573856353759765625, -0.45231664180755615234375, 0, 0, 0.45231664180755615234375, 0.8918573856353759765625, 0, 0, 0, 0, 1, },
			{ 1, 0, 0, 0, 0, 0.837567806243896484375, -0.546333253383636474609375, 0, 0, 0.546333253383636474609375, 0.837567806243896484375, 0, 0, 0, 0, 1, },
			{ 1, 0, 0, 0, 0, 0.768863379955291748046875, -0.6394131183624267578125, 0, 0, 0.6394131183624267578125, 0.768863379955291748046875, 0, 0, 0, 0, 1, },
			{ 1, 0, 0, 0, 0, 0.685551345348358154296875, -0.7280242443084716796875, 0, 0, 0.7280242443084716796875, 0.685551345348358154296875, 0, 0, 0, 0, 1, },
			{ 1, 0, 0, 0, 0, 0.588257730007171630859375, -0.808673441410064697265625, 0, 0, 0.808673441410064697265625, 0.588257730007171630859375, 0, 0, 0, 0, 1, },
			{ 1, 0, 0, 0, 0, 0.4784397780895233154296875, -0.87812030315399169921875, 0, 0, 0.87812030315399169921875, 0.4784397780895233154296875, 0, 0, 0, 0, 1, },
			{ 1, 0, 0, 0, 0, 0.358324944972991943359375, -0.9335968494415283203125, 0, 0, 0.9335968494415283203125, 0.358324944972991943359375, 0, 0, 0, 0, 1, },
			{ 1, 0, 0, 0, 0, 0.2307805716991424560546875, -0.973005771636962890625, 0, 0, 0.973005771636962890625, 0.2307805716991424560546875, 0, 0, 0, 0, 1, },
			{ 1, 0, 0, 0, 0, 0.0991227924823760986328125, -0.995075225830078125, 0, 0, 0.995075225830078125, 0.0991227924823760986328125, 0, 0, 0, 0, 1, },
			{ 1, 0, 0, 0, 0, -0.033111818134784698486328125, -0.99945163726806640625, 0, 0, 0.99945163726806640625, -0.033111818134784698486328125, 0, 0, 0, 0, 1, },
			{ 1, 0, 0, 0, 0, -0.16242118179798126220703125, -0.986721456050872802734375, 0, 0, 0.986721456050872802734375, -0.16242118179798126220703125, 0, 0, 0, 0, 1, },
			{ 1, 0, 0, 0, 0, -0.28557026386260986328125, -0.958357751369476318359375, 0, 0, 0.958357751369476318359375, -0.28557026386260986328125, 0, 0, 0, 0, 1, },
			{ 1, 0, 0, 0, 0, -0.39980375766754150390625, -0.916600763797760009765625, 0, 0, 0.916600763797760009765625, -0.39980375766754150390625, 0, 0, 0, 0, 1, },
			{ 1, 0, 0, 0, 0, -0.50299179553985595703125, -0.86429119110107421875, 0, 0, 0.86429119110107421875, -0.50299179553985595703125, 0, 0, 0, 0, 1, },
			{ 1, 0, 0, 0, 0, -0.5937216281890869140625, -0.804670512676239013671875, 0, 0, 0.804670512676239013671875, -0.5937216281890869140625, 0, 0, 0, 0, 1, },
			{ 1, 0, 0, 0, 0, -0.671306312084197998046875, -0.741180002689361572265625, 0, 0, 0.741180002689361572265625, -0.671306312084197998046875, 0, 0, 0, 0, 1, },
			{ 1, 0, 0, 0, 0, -0.735734403133392333984375, -0.6772701740264892578125, 0, 0, 0.6772701740264892578125, -0.735734403133392333984375, 0, 0, 0, 0, 1, },
			{ 1, 0, 0, 0, 0, -0.787552356719970703125, -0.616247653961181640625, 0, 0, 0.616247653961181640625, -0.787552356719970703125, 0, 0, 0, 0, 1, },
			{ 1, 0, 0, 0, 0, -0.827708184719085693359375, -0.56115877628326416015625, 0, 0, 0.56115877628326416015625, -0.827708184719085693359375, 0, 0, 0, 0, 1, },
			{ 1, 0, 0, 0, 0, -0.857357323169708251953125, -0.5147216320037841796875, 0, 0, 0.5147216320037841796875, -0.857357323169708251953125, 0, 0, 0, 0, 1, },
			{ 1, 0, 0, 0, 0, -0.8776538372039794921875, -0.4792951047420501708984375, 0, 0, 0.4792951047420501708984375, -0.8776538372039794921875, 0, 0, 0, 0, 1, },
			{ 1, 0, 0, 0, 0, -0.88953006267547607421875, -0.45687663555145263671875, 0, 0, 0.45687663555145263671875, -0.88953006267547607421875, 0, 0, 0, 0, 1, },
			{ 1, 0, 0, 0, 0, -0.893480777740478515625, -0.4491014778614044189453125, 0, 0, 0.4491014778614044189453125, -0.893480777740478515625, 0, 0, 0, 0, 1, },
			{ 1, 0, 0, 0, 0, -0.893480777740478515625, -0.4491014778614044189453125, 0, 0, 0.4491014778614044189453125, -0.893480777740478515625, 0, 0, 0, 0, 1, },
		},
	}
end